eventfile for the exclsuive pi0 BSA analysis cross check
contact: Stefan Diehl (sdiehl@jlab.org)
---------------------------------------------------------------------------------------------------------------------
eventnumber	x	Q2	W	-t	phi[deg]	Mgg
---------------------------------------------------------------------------------------------------------------------
318985	0.286553	2.31641	2.5783	0.863686	141.493	0.126149
548291	0.309117	2.96005	2.7379	0.45072	231.612	0.115301
1125105	0.225585	2.36319	2.99883	0.327741	165.804	0.125237
1241413	0.507488	5.36803	2.46778	1.42671	93.1575	0.137064
1373799	0.367295	3.18985	2.52492	1.28023	250.986	0.133802
1550416	0.403435	3.13037	2.34718	0.386429	88.7306	0.145149
1553074	0.590279	4.58577	2.01578	1.71919	279.442	0.130224
1554011	0.304578	2.07874	2.37204	0.797536	114.239	0.133121
1896107	0.387689	2.91504	2.34186	2.10229	75.2256	0.144291
1976577	0.626866	5.74152	2.07314	2.25368	63.8247	0.122915
1982770	0.309102	3.04345	2.77182	0.601826	155.429	0.141237
2103288	0.332477	2.62475	2.47994	0.537558	140.789	0.147782
2382749	0.402712	3.88422	2.57706	0.973024	106.701	0.120442
2538027	0.28918	2.18997	2.50268	0.710259	227.877	0.139084
2835126	0.210887	3.11833	3.54242	2.59261	235.993	0.146728
2866764	0.301285	2.39516	2.53673	0.44637	104.509	0.112639
2924362	0.379506	4.05353	2.74005	0.756042	122.299	0.124897
2995670	0.409858	5.08017	2.86271	1.30762	217.375	0.140827
3133880	0.385804	2.31831	2.138	1.02483	120.533	0.1452
3239063	0.396916	4.15327	2.68159	2.26963	116.322	0.131179
3377723	0.269354	2.05393	2.54004	1.79445	267.785	0.134118
3402217	0.41964	4.82303	2.74783	0.521478	325.558	0.142853
3638549	0.623129	7.1777	2.28505	1.13729	56.3771	0.138949
3691413	0.385443	2.89285	2.34366	0.88948	246.267	0.113293
3740007	0.374524	2.80768	2.35994	1.83014	116.176	0.129059
3856939	0.25349	2.28566	2.75888	0.353957	118.279	0.130757
4017790	0.689032	7.67053	2.08377	1.30399	47.0695	0.156709
4050523	0.278817	3.83707	3.28713	0.383472	137.728	0.124754
4155981	0.589123	4.6604	2.03241	0.959223	79.1932	0.128148
4463974	0.468705	4.01289	2.33004	2.13299	126.465	0.137515
4842780	0.411244	2.41851	2.08393	0.700705	88.5512	0.144368
4901193	0.255862	3.4099	3.28596	1.47611	177.673	0.121228
5107610	0.261121	2.14064	2.63392	1.59005	142.481	0.134668
5485744	0.308491	2.49806	2.54557	1.04908	107.066	0.113454
5609744	0.421242	2.42299	2.05167	0.373944	42.8591	0.114077
5731899	0.410781	2.37515	2.07056	0.94068	248.21	0.119481
5845496	0.289492	2.35916	2.58273	2.40245	89.3926	0.129853
6124728	0.407564	2.80016	2.22501	0.584709	267.556	0.139853
6394933	0.446952	4.60439	2.5647	2.12561	108.112	0.118032
6398294	0.265062	2.20385	2.64404	1.67061	127.501	0.137899
6404217	0.421607	3.8227	2.4748	0.534235	293.775	0.134686
6452597	0.423809	5.99826	3.00587	0.763463	113.909	0.130449
6485507	0.307282	3.59803	2.99858	1.12345	216.576	0.127755
7315944	0.378485	3.71794	2.64303	0.578775	234.369	0.104336
8013400	0.426312	5.09897	2.78245	0.602897	59.4435	0.133605
8068665	0.350913	3.19734	2.60662	0.93703	205.842	0.117112
8327714	0.456072	3.30624	2.19624	0.697058	109.474	0.126102
8493893	0.455138	2.66469	2.0175	0.835564	243.933	0.132933
8518974	0.4186	3.866	2.49997	1.92119	279.578	0.112018
8520789	0.273985	2.60698	2.79077	0.76335	141.184	0.129301
8856981	0.464201	3.49705	2.21738	3.42012	44.2258	0.136946
9065575	0.407785	2.68153	2.1851	1.24185	126.625	0.137206
9089503	0.489266	4.40891	2.34152	0.558513	74.7005	0.151114
9679564	0.629948	6.97291	2.23079	2.41325	107.919	0.128741
9809540	0.350982	2.80484	2.46311	1.02618	214.683	0.129533
9933448	0.274384	2.7188	2.84082	0.397274	199.593	0.149
10023549	0.294821	3.2068	2.92415	1.34521	165.578	0.130879
10036085	0.643726	6.85849	2.16245	1.20274	31.5761	0.132534
10045818	0.513144	6.37809	2.63281	0.69873	46.7933	0.126228
10126544	0.614563	5.44204	2.07206	1.53692	30.5617	0.131313
10404925	0.370677	3.02448	2.45259	1.13172	225.081	0.120978
10461364	0.378368	3.62054	2.61316	0.987782	146.175	0.126901
10523157	0.381351	4.29209	2.80057	0.785546	153.699	0.119492
10688974	0.476306	2.91385	2.02091	0.611343	286.749	0.133526
10726969	0.506068	3.73203	2.1267	2.01003	256.593	0.135075
10853248	0.348801	2.20217	2.23421	0.435072	91.041	0.138268
11323314	0.442652	3.33897	2.25488	2.00433	81.5604	0.124661
11467879	0.257474	2.41682	2.80181	1.53726	128.833	0.152805
11946277	0.309642	3.03681	2.76604	0.967727	124.938	0.133559
12150182	0.362189	2.38953	2.25572	0.856011	252.056	0.127319
12157603	0.261671	2.72637	2.92797	1.42939	136.794	0.139572
12223412	0.456204	4.88633	2.58937	1.27975	246.316	0.120184
12269669	0.501385	4.18067	2.24453	0.822377	236.004	0.123131
12345361	0.47416	4.40955	2.40218	0.665734	282.232	0.145471
12394127	0.625816	5.96948	2.1094	1.76515	35.5592	0.145245
13544634	0.523223	4.11895	2.15259	0.553046	346.687	0.111352
13582362	0.506147	4.65558	2.3287	0.718274	241.684	0.126233
13899877	0.392178	2.44919	2.16246	0.687619	114.767	0.137841
14073688	0.460171	2.9909	2.09499	0.527368	338.047	0.127367
14141958	0.476847	3.90638	2.2729	1.93	123.7	0.138015
14290338	0.434286	3.40173	2.30468	2.03612	234.158	0.132032
14372626	0.667811	6.45262	2.02239	1.46325	84.6972	0.125656
14430563	0.261709	2.37575	2.75362	1.31716	231.179	0.139093
14653027	0.367124	3.19961	2.52905	0.891826	165.238	0.13665
14699303	0.326566	2.19672	2.32601	0.77556	231.124	0.123141
14918183	0.551402	4.51569	2.13404	1.09902	106.616	0.141309
15230250	0.558341	5.37465	2.26535	0.792747	298.231	0.106564
15242221	0.317902	2.54781	2.51932	0.908491	243.895	0.136178
15389648	0.334804	2.95499	2.59834	0.882715	113.479	0.1379
15435507	0.277291	3.74721	3.26294	1.93503	144.511	0.117322
15694764	0.443875	5.70814	2.83407	0.622072	126.417	0.149581
15748911	0.4001	2.51988	2.15838	1.87912	91.1082	0.140724
15879607	0.383944	2.38504	2.16962	0.417895	81.1685	0.144233
15988318	0.230051	2.09772	2.81089	0.387885	140.525	0.141336
16259490	0.271292	2.03255	2.51791	0.949549	215.435	0.133051
16441951	0.492534	3.52265	2.12363	0.43934	295.725	0.111053
16476174	0.536036	5.75069	2.42029	0.932676	240.525	0.129264
16489141	0.330203	2.60936	2.4846	0.780806	199.73	0.147166
16557683	0.329903	3.53919	2.84061	2.62093	131.734	0.14734
16573832	0.34802	2.08641	2.18838	1.12205	109.419	0.137671
16582601	0.254767	2.16166	2.68393	2.11073	227.85	0.122751
16722164	0.372902	3.24467	2.5173	3.125	108.422	0.112584
16843483	0.501845	3.60205	2.1109	1.0988	258.845	0.131431
16866564	0.476664	3.86138	2.2627	0.522838	69.0569	0.143329
17017118	0.348379	2.41313	2.32249	0.645916	243.072	0.134503
17048557	0.4873	4.62287	2.3967	1.35929	119.633	0.126037
17077357	0.19638	2.58963	3.38785	2.11952	242.599	0.14918
17183566	0.331762	2.49918	2.43191	1.11523	219.109	0.134776
17351165	0.464271	6.51409	2.89776	0.840034	88.9166	0.11034
17849092	0.520027	4.10306	2.16041	0.724302	44.5505	0.104819
17850483	0.400594	2.45438	2.13373	0.54842	117.77	0.127012
17884125	0.400714	3.2739	2.40346	2.08502	129.682	0.127321
17957112	0.412215	4.23294	2.62986	2.70341	122.902	0.156832
18034918	0.341398	3.86942	2.88876	1.31774	158.041	0.125689
18557863	0.396219	2.6059	2.20258	1.80073	280.823	0.133173
18835265	0.625349	5.23565	2.00426	1.47302	301.146	0.153558
18901012	0.441124	2.86817	2.12465	1.15587	100.486	0.11947
18977382	0.348384	2.61702	2.40317	1.27264	125.358	0.11606
19027503	0.402418	2.26255	2.05917	0.634533	110.578	0.130765
19249960	0.420198	2.60613	2.11574	1.2524	114.794	0.119086
19432518	0.36157	3.16363	2.54291	0.361128	283.494	0.132853
19530107	0.598558	7.02669	2.36495	1.9684	294.024	0.108579
19741937	0.453648	2.65256	2.01865	0.749749	100.688	0.155359
19871892	0.423515	3.80737	2.46229	1.97733	85.3519	0.113208
19893287	0.45025	4.00694	2.40266	0.638684	92.0145	0.115276
19923401	0.312512	2.7959	2.6516	1.41604	141.303	0.137557
20366773	0.252893	3.02944	3.13529	0.277914	143.621	0.138684
20478972	0.413877	3.54051	2.42782	0.642705	254.537	0.133412
20711136	0.344488	3.76619	2.8367	4.59079	259.336	0.1173
20758685	0.495798	4.78859	2.39793	1.93383	80.2593	0.129558
20801478	0.290627	2.5942	2.68558	1.91008	156.277	0.124912
20856250	0.589724	5.04204	2.09478	2.16854	238.345	0.129166
20911933	0.49716	3.33422	2.0622	0.75952	94.3458	0.132108
20981808	0.215233	2.01339	2.86729	1.81175	168.303	0.131946
21007110	0.283279	2.92622	2.87818	1.84326	156.76	0.133636
21181277	0.549866	3.89535	2.01722	0.833491	306.345	0.155038
21361806	0.500583	3.43992	2.07659	1.11205	271.989	0.122873
21391271	0.445611	4.95225	2.65358	0.987196	125.579	0.144832
21438976	0.248622	2.16639	2.72535	0.520795	179.548	0.124642
21459701	0.431265	2.63587	2.08721	0.88049	93.7798	0.120459
21569658	0.35107	3.92753	2.85309	1.73946	116.667	0.144837
21688238	0.46294	3.53624	2.23221	0.639387	108.592	0.138113
21713748	0.415042	2.25148	2.01335	0.570153	117.916	0.137449
21761757	0.455006	3.3962	2.22446	1.00766	270.442	0.133487
21985192	0.527362	3.5798	2.02205	1.07176	271.649	0.135302
22061710	0.445303	4.15065	2.4598	2.45934	84.9538	0.13499
22128898	0.613064	5.66473	2.11084	1.01474	5.54564	0.140866
22248654	0.478429	4.83861	2.48098	0.8202	52.6033	0.136671
22507014	0.369215	3.84882	2.73054	0.880212	102.182	0.155628
22834995	0.359673	2.11148	2.15393	0.585717	111.209	0.133534
22857618	0.319843	2.68834	2.56849	0.389312	94.1138	0.144574
23068782	0.333741	2.20371	2.29776	0.52229	105.146	0.12762
23567512	0.315946	2.61291	2.55686	0.89965	229.088	0.132963
23583649	0.602175	5.22824	2.08191	2.03604	77.3668	0.139428
23625814	0.3588	2.0522	2.13255	0.851297	254.269	0.151095
23648386	0.255024	2.36127	2.78892	1.55506	195.337	0.125281
23691921	0.28055	2.62445	2.75872	0.606778	210.268	0.13141
23710583	0.504623	6.1064	2.62199	0.775267	111.368	0.131216
23949162	0.370293	2.87631	2.40243	0.356025	62.5884	0.140237
24072267	0.319576	2.36293	2.43133	0.802071	154.976	0.115892
24133144	0.38694	3.13018	2.41655	0.719763	207.044	0.116126
24138672	0.266959	2.07996	2.56743	1.3486	122.943	0.126841
24213147	0.483798	3.46506	2.1395	0.576942	63.4431	0.121085
24280753	0.544233	5.02499	2.25577	1.54886	87.0305	0.149765
24364604	0.65558	6.33594	2.05159	4.06607	292.823	0.142896
24370325	0.470623	3.14542	2.10201	1.44832	275.573	0.128757
25143837	0.693722	7.29692	2.02532	2.29304	61.4719	0.106776
25214204	0.464039	5.80753	2.75463	1.09698	197.881	0.137378
25365089	0.51619	3.97363	2.14586	0.876011	253.818	0.1462
25365151	0.61382	7.27187	2.33567	0.933924	357.359	0.13107
25491573	0.445407	3.4256	2.26841	3.21568	65.4509	0.142569
25724219	0.332598	2.78326	2.54269	2.56998	238.995	0.130579
25725247	0.506889	6.51809	2.68724	1.27286	95.5286	0.118406
25888986	0.418182	4.07565	2.55945	0.503674	254.098	0.116222
25986383	0.717749	8.48805	2.05383	1.53835	67.1723	0.14374
26421942	0.594708	6.38465	2.28724	2.8736	279.931	0.156877
26546754	0.430231	3.08969	2.22982	1.04204	260.346	0.130125
26688067	0.332673	3.21015	2.7055	2.44078	102.259	0.131819
26875000	0.3357	3.03235	2.62315	0.691849	193.229	0.125321
26958105	0.346776	2.3123	2.28824	0.669871	229.406	0.12375
27219615	0.279922	2.67028	2.78378	1.14695	146.899	0.143152
27424059	0.399366	2.17208	2.03644	0.427868	101.063	0.103637
27438732	0.557122	6.06533	2.38786	1.85004	319.816	0.133038
27575619	0.221538	2.66806	3.20243	1.82949	134.621	0.139163
27712826	0.522437	5.9045	2.50553	0.464772	18.0941	0.12184
27908749	0.569647	4.7499	2.11394	0.89022	29.658	0.141745
27951058	0.387873	3.19066	2.43223	2.00578	105.622	0.125927
28105700	0.346418	3.41376	2.70574	0.441127	124.433	0.130309
28182149	0.295193	2.3114	2.52963	0.837799	206.136	0.132495
28328104	0.261621	2.00154	2.55525	0.648882	189.185	0.127223
28565470	0.45645	3.32324	2.19948	0.916172	233.679	0.121098
28626477	0.381486	2.19603	2.10733	0.906897	242.606	0.145548
28630209	0.612836	5.29435	2.0555	1.33849	298.226	0.124423
28686093	0.383122	2.79325	2.31902	0.711813	114.307	0.137086
28708346	0.303033	3.11815	2.8376	1.02685	159.969	0.130111
28744834	0.280245	4.12891	3.38889	1.32	203.322	0.135172
29296069	0.417049	4.28569	2.62123	0.386761	301.245	0.159123
29341914	0.222065	2.00465	2.81122	1.7778	198.392	0.128046
29590917	0.585182	7.10908	2.43305	0.859454	315.401	0.143623
29646082	0.341666	2.21584	2.26934	1.27596	245.645	0.116068
29748305	0.412507	3.76211	2.49766	0.438451	107.028	0.128768
30128449	0.351244	3.70942	2.7806	0.568781	130.775	0.131644
30209863	0.430784	3.88404	2.45204	2.18983	133.027	0.137549
30223553	0.327967	3.69916	2.90865	1.06641	139.813	0.13136
30260634	0.271433	2.08705	2.54604	0.465526	128.998	0.146785
30308822	0.236241	2.41899	2.94972	1.69236	250.199	0.126319
30317827	0.516066	3.53835	2.04899	1.20649	272.256	0.123991
30374666	0.424005	2.57665	2.09299	1.00828	118.657	0.12947
30426588	0.406863	2.74634	2.20998	1.62818	106.121	0.127829
30516858	0.344181	3.05842	2.58998	1.83926	208.249	0.116251
30558868	0.286025	3.23268	2.99161	0.438507	116.341	0.142184
30604981	0.381093	3.43557	2.54161	2.64053	121.411	0.147895
30608590	0.245739	2.37512	2.85839	0.908155	164.75	0.128716
30611421	0.235819	2.21394	2.83808	0.513862	207.031	0.114964
30646914	0.314401	2.26952	2.41441	0.997973	252.498	0.121149
30776850	0.333998	3.58508	2.83357	1.31743	227.717	0.12805
30812708	0.427605	2.81613	2.15639	0.981817	122.851	0.125388
30856167	0.408785	2.60857	2.15709	0.718304	115.353	0.130144
30859272	0.317132	3.36736	2.85152	0.870588	134.899	0.112002
31004188	0.268125	2.04613	2.54273	0.58839	113.534	0.137194
31014167	0.537169	4.09687	2.10006	0.718243	64.8105	0.12005
31048912	0.341119	3.09687	2.61955	0.760956	162.052	0.158097
31139957	0.433036	2.98734	2.18897	0.709156	253.8	0.126367
31190704	0.459224	3.78712	2.31084	0.793196	111.762	0.136583
31522732	0.360532	2.54102	2.32105	0.555676	227.111	0.13893
31869770	0.269217	2.08978	2.55988	0.714336	162.729	0.122163
31876260	0.40984	2.65325	2.16817	1.38613	102.544	0.129568
31890390	0.35398	3.64098	2.74321	2.26352	252.814	0.14536
32126101	0.319372	3.13945	2.75153	0.558927	133.168	0.124828
32328661	0.66837	6.95984	2.08174	1.17799	59.0369	0.149511
32496680	0.558293	7.75687	2.64903	1.65928	80.3775	0.143226
32513458	0.389107	3.80095	2.61683	0.698866	226.245	0.128387
32745732	0.402577	4.60615	2.77774	2.18617	286.269	0.145802
32869116	0.476275	4.1646	2.33663	1.42088	88.7556	0.136701
32936754	0.515579	3.4404	2.02801	0.617234	60.6502	0.120065
33382379	0.495725	3.60008	2.13131	2.07204	109.601	0.136044
33488473	0.453712	3.15738	2.16378	0.595745	81.8634	0.10595
33664837	0.599456	5.22899	2.09147	1.09422	288.479	0.137657
33808980	0.330962	2.83376	2.57075	1.51896	153.344	0.137704
33842129	0.418522	3.23001	2.31689	0.754015	93.6867	0.132515
33896934	0.330736	2.9895	2.63245	1.94919	116.709	0.111777
34079169	0.361665	3.90869	2.78911	0.417482	277.558	0.116413
34446687	0.267545	2.68419	2.86859	0.996871	248.119	0.136662
34523806	0.708809	8.3933	2.08049	5.85243	235.898	0.125129
34700442	0.364514	3.25094	2.5589	0.400213	277.212	0.139421
34867823	0.644567	5.72407	2.00917	1.36171	64.015	0.12986
35099582	0.32713	2.29744	2.36768	0.350223	94.558	0.12999
35158976	0.366942	2.61256	2.32112	2.40468	282.431	0.13474
35187600	0.316359	2.02065	2.29061	0.997033	251.479	0.136876
35261468	0.204057	2.43483	3.22143	0.348279	162.108	0.133722
35314536	0.442623	5.29527	2.74744	4.48005	251.827	0.140368
35324093	0.336105	3.06501	2.63335	1.39986	153.867	0.124624
35387110	0.46599	3.80146	2.28838	0.413685	301.538	0.140261
35475803	0.385584	2.59204	2.23845	0.566735	100.666	0.110099
35640015	0.476433	4.6074	2.43794	2.79131	89.0552	0.121218
35714497	0.22586	2.10489	2.84515	1.91165	159.622	0.137502
35780460	0.497173	4.17272	2.25843	3.23545	74.6756	0.12111
35783402	0.320733	2.10581	2.31088	0.611273	125.254	0.129949
36464508	0.415868	3.92957	2.52979	2.59028	232.769	0.103784
36533395	0.245678	3.35121	3.34212	1.51496	149.41	0.119814
36746451	0.431653	4.78522	2.67972	0.476385	47.6847	0.122573
36786500	0.324083	3.23933	2.7634	2.93216	111.346	0.133568
37034853	0.648874	7.3046	2.19843	1.5258	345.35	0.139817
37407289	0.427975	5.45859	2.8594	4.44812	71.3696	0.138204
37608110	0.327365	4.35751	3.13587	0.767376	160.743	0.133808
37772306	0.502565	4.45444	2.29985	2.01693	131.515	0.154118
37817454	0.328762	2.13124	2.28729	1.03216	114.56	0.131574
37886712	0.490875	5.07361	2.47842	2.17397	224.667	0.128973
37930236	0.320582	2.96105	2.67503	0.781466	178.909	0.134023
38033722	0.38743	2.30682	2.12783	1.38046	260.485	0.134269
38426351	0.521467	4.68605	2.27609	1.40361	103.546	0.121217
38677341	0.447172	3.12917	2.17919	0.440648	86.0061	0.12356
38719196	0.268737	2.5267	2.78492	0.329013	120.234	0.126595
38759319	0.556205	5.46213	2.28879	1.72432	307.634	0.124749
38920088	0.670033	7.89113	2.18321	2.15829	274.544	0.138329
38956859	0.267428	2.16917	2.61197	0.947844	144.21	0.145091
39036179	0.512624	4.27629	2.22396	0.551979	325.261	0.127181
39073525	0.454453	3.33771	2.21068	1.12971	123.956	0.121042
39126300	0.392717	4.01242	2.66176	1.39671	214.476	0.142228
39147832	0.5634	5.01663	2.18356	1.39415	302.071	0.124378
39190812	0.447665	5.60048	2.79111	0.54066	286.136	0.120172
39326144	0.381957	3.17755	2.45396	1.17332	212.244	0.159108
39481253	0.404857	2.63711	2.18103	0.650747	95.5326	0.132773
39713068	0.346085	2.59082	2.40325	0.445383	100.52	0.143235
39805718	0.515737	3.60699	2.06572	1.21764	90.1297	0.144226
39851684	0.370388	3.86851	2.73062	0.74677	191.93	0.14139
39882196	0.476141	4.3989	2.39167	0.564378	69.0248	0.132224
39991757	0.337587	3.26431	2.69918	0.555917	182.254	0.128936
40015782	0.395835	2.93429	2.31494	1.23444	225.548	0.129035
40208673	0.557469	4.18911	2.05079	0.792324	6.43421	0.152629
40373729	0.34009	2.19835	2.26848	1.36699	241.8	0.153182
40527881	0.444301	2.94674	2.1368	0.678869	117.168	0.112727
40787194	0.323258	2.09874	2.29653	2.08824	90.2526	0.135386
40890297	0.347037	2.99903	2.55404	0.769541	186.635	0.14446
41041163	0.579718	5.36775	2.18445	3.61384	111.057	0.148841
41052006	0.295899	4.00059	3.22488	0.483667	100.952	0.146487
41130768	0.506345	4.0338	2.19387	1.63752	91.2911	0.128404
41281358	0.340399	2.7176	2.47918	2.13688	260.962	0.133643
41326399	0.41815	3.16614	2.29913	0.608674	105.885	0.123539
41395627	0.366366	3.17861	2.52542	0.626127	254.545	0.126279
41553461	0.261246	2.08563	2.60348	0.513834	219.289	0.115758
41627461	0.591849	4.63111	2.01842	1.22924	95.2544	0.130852
41819212	0.404639	3.03404	2.3118	0.31988	268.356	0.139046
41840160	0.562043	5.99366	2.356	0.909405	25.4973	0.134301
41851224	0.35412	2.66068	2.3944	0.744255	254.543	0.104477
41926216	0.336721	3.31093	2.72071	0.624005	160.567	0.143381
42060447	0.334643	3.2064	2.6936	0.851063	209.373	0.117396
42165842	0.355071	4.91937	3.13298	0.626335	196.092	0.123942
42913011	0.575751	4.91172	2.12122	1.47626	109.239	0.121895
43029350	0.487278	3.27206	2.07924	1.36456	260.964	0.129062
43032887	0.368024	2.62486	2.32116	0.736711	104.985	0.147564
43131292	0.515277	4.02614	2.16049	3.15589	299.809	0.123418
43132148	0.34542	2.15685	2.22882	0.732923	132.047	0.130142
43394738	0.521658	4.01139	2.1351	1.09368	253.122	0.142253
43501246	0.63534	5.74909	2.04452	2.83736	123.776	0.136822
43584537	0.432358	2.77086	2.1256	1.09733	118.537	0.11702
43638318	0.461961	5.17845	2.62899	2.51216	112.176	0.154597
43831876	0.69155	7.32694	2.03675	2.22032	276.588	0.128866
43877214	0.394263	2.29697	2.09984	0.488368	81.1202	0.146904
43912388	0.538212	4.33459	2.14463	0.958373	260.487	0.123903
44039538	0.349116	2.70964	2.43559	0.580437	130.252	0.117999
44168348	0.240184	2.00549	2.68788	1.47129	249.407	0.129288
44382081	0.326787	2.82182	2.58719	1.60481	117.277	0.130581
44455162	0.450323	4.81321	2.59913	0.776204	285.535	0.131434
44809344	0.46507	4.74478	2.51751	0.761812	127.835	0.137987
44920368	0.446225	3.23933	2.21369	0.344503	332.859	0.14488
45031189	0.418846	2.85741	2.20114	1.31785	103.869	0.144811
45078595	0.249314	2.38684	2.84027	0.626458	153.652	0.144374
45081406	0.429092	2.71336	2.11907	0.773009	111.645	0.118909
45129198	0.553321	7.69386	2.66296	2.09622	126.557	0.144011
45201287	0.408692	2.24153	2.03063	0.704761	260.358	0.136055
45222375	0.345431	2.47319	2.35942	0.966907	171.17	0.118867
45379541	0.626334	7.56694	2.32265	2.92742	126.151	0.118358
45486549	0.457983	4.27244	2.43653	0.767878	112.05	0.129351
45582468	0.551414	6.10217	2.41755	1.22686	89.5166	0.143389
45684451	0.232926	2.16682	2.83128	1.7275	239.255	0.142924
45715177	0.327511	2.70441	2.53641	0.411177	111.213	0.143931
45937614	0.480413	5.97875	2.71046	0.943733	83.1892	0.140906
46075942	0.343296	2.11008	2.21739	0.801663	128.776	0.139625
46226023	0.288376	3.29973	3.00384	1.16115	246.253	0.128087
46279694	0.341048	3.1647	2.6448	2.57265	204.509	0.116958
46367781	0.537578	4.0298	2.08489	0.511141	55.0874	0.14378
46496517	0.356079	4.41664	2.97779	0.6058	227.798	0.134564
46573512	0.239776	2.46451	2.94859	0.568636	174.767	0.118408
46954494	0.536997	3.98031	2.07658	0.738913	303.816	0.108176
47099651	0.355803	2.04165	2.13936	0.499277	238.928	0.130322
47103024	0.292301	2.86563	2.79614	1.01554	230.118	0.147978
47291404	0.297635	4.16419	3.27216	0.752467	220.27	0.128377
47296499	0.335563	3.24472	2.70279	4.33855	300.717	0.14529
47396627	0.49062	4.86432	2.43529	2.29799	92.8611	0.155294
47424142	0.453613	3.47945	2.25198	1.08673	240.417	0.146299
47426789	0.233452	2.17413	2.83182	1.01436	171.109	0.121068
47448252	0.280602	2.40131	2.65269	1.93992	147.086	0.12653
47951275	0.282856	2.44145	2.659	0.499186	154.53	0.110487
47974290	0.406742	3.9602	2.58003	0.506788	63.4412	0.13002
48446560	0.355634	2.20945	2.20989	1.26449	121.526	0.122276
48803089	0.329662	3.14303	2.69655	1.50863	173.243	0.158525
48809948	0.524775	3.45854	2.00308	0.987702	76.268	0.143045
48924751	0.427834	2.55068	2.0716	0.759804	238.549	0.128821
49260148	0.608483	5.08727	2.03805	1.46647	20.6551	0.135572
49377829	0.515378	5.10417	2.38326	3.74959	90.0798	0.145256
49388697	0.5305	3.92007	2.08558	1.10456	252.892	0.115211
49540457	0.354433	2.59268	2.36699	0.476156	266.423	0.132519
49551592	0.424175	3.91992	2.49032	0.85126	263.199	0.13372
49638309	0.446616	3.70166	2.33814	1.06832	246.44	0.14256
49667697	0.331834	2.16675	2.2898	1.11931	238.94	0.145322
49696587	0.507366	4.8224	2.35854	0.720549	73.6144	0.115638
49991772	0.342198	2.31232	2.30766	0.57205	94.6613	0.150967
50096493	0.46234	3.73516	2.2856	0.797045	92.8094	0.135812
50503834	0.240287	2.3148	2.86339	0.934121	167.425	0.146749
50544004	0.364465	2.83186	2.41213	2.03777	80.3397	0.114677
50551410	0.386656	2.33277	2.14027	0.50692	75.549	0.135553
50710638	0.40044	4.56888	2.77869	1.98232	244.532	0.123089
50747538	0.493387	6.03017	2.65935	0.792209	99.7422	0.131247
50751442	0.607924	7.08875	2.33499	3.97504	316.957	0.125297
50982952	0.302009	3.10139	2.83692	2.33423	203.062	0.12054
51019702	0.235202	2.28647	2.8836	0.378825	196.897	0.144
51025867	0.56042	6.59645	2.46057	1.55646	271.946	0.13566
51057343	0.549203	5.22274	2.27316	1.24178	69.4044	0.134168
51135149	0.247925	2.72189	3.02277	0.707671	197.559	0.135281
51437373	0.339939	3.34291	2.71501	0.407607	76.637	0.132576
51584589	0.285888	2.01921	2.43394	0.525808	194.58	0.12635
51645009	0.514365	4.25183	2.21239	1.37837	235.763	0.134759
51649722	0.397984	4.22184	2.69566	0.745491	196.989	0.146431
51716967	0.281579	2.7515	2.81079	0.926627	234.404	0.131352
51991103	0.331703	2.26516	2.33325	1.625	123.929	0.136309
52041923	0.249427	2.42697	2.86069	1.11649	190.301	0.126622
52301302	0.365521	4.85201	3.05001	0.512967	121.304	0.135059
52332994	0.548003	4.66176	2.17379	2.61068	286.226	0.14131
52408751	0.403131	3.35265	2.41748	0.765507	76.6401	0.132254
52449837	0.261651	3.26071	3.17517	1.69201	136.082	0.135571
52473686	0.527006	4.11269	2.13811	1.65986	237.63	0.13673
52586779	0.310751	2.56839	2.56457	0.898273	195.345	0.115489
52720882	0.695394	7.39874	2.03008	4.11417	220.821	0.134717
53026069	0.42878	2.62523	2.09229	0.487271	295.056	0.120646
53227706	0.643622	7.51182	2.24492	3.6053	136.519	0.128403
53416019	0.343127	2.76477	2.48458	2.11711	246.761	0.146424
53710931	0.500007	3.56455	2.10827	1.25712	257.377	0.120924
53926041	0.467855	4.48974	2.44684	0.865306	232.653	0.135583
54037331	0.471515	6.34016	2.82604	0.983554	77.8931	0.141184
54087550	0.538886	4.0114	2.07673	0.781936	313.812	0.135394
54097252	0.298139	2.44323	2.57528	1.40622	194.17	0.14561
54291177	0.335266	2.44415	2.39298	0.767864	257.277	0.132235
54446888	0.56249	4.42845	2.07962	0.630219	327.201	0.12263
54463589	0.421025	2.61066	2.11433	1.05115	262.8	0.13861
54464455	0.313216	2.58253	2.55793	0.796801	106.174	0.143273
54689716	0.388713	3.23192	2.44189	0.908101	131.03	0.121284
54897941	0.359672	2.24457	2.20825	0.774782	125.445	0.129217
54999999	0.260791	2.73274	2.93705	0.74724	154.226	0.125297
55263588	0.295926	2.81233	2.75164	1.90549	160.489	0.119611
55306036	0.412642	3.30153	2.36215	1.05223	128.316	0.113706
55514264	0.505234	5.41242	2.48608	1.24763	139.229	0.139277
56059844	0.311254	4.2742	3.21533	1.61395	238.35	0.125916
56108652	0.395534	3.16088	2.38974	2.4613	264.826	0.128201
56231536	0.51039	4.38953	2.25636	1.95829	231.079	0.142857
56429335	0.313817	3.35934	2.86806	1.74271	269.736	0.14761
56586793	0.381027	3.35597	2.51636	0.654689	253.994	0.146043
56646130	0.382148	2.75789	2.31068	0.590776	104.841	0.14913
56753470	0.303047	2.23564	2.45395	2.83544	79.3859	0.122186
56991789	0.336805	3.13537	2.65596	1.10591	244.636	0.147594
57143095	0.391748	3.17082	2.40905	1.05003	201.23	0.136993
57143536	0.415676	3.48202	2.40314	0.388188	58.4476	0.130547
57159629	0.325737	3.33403	2.78956	0.587104	211.693	0.125989
57233402	0.314608	3.93099	3.07314	0.452295	251.95	0.121451
57247405	0.266286	2.30745	2.69039	2.10766	90.6051	0.116916
57325254	0.329022	3.42311	2.80377	2.90535	285.928	0.118555
57428261	0.52488	6.97026	2.68138	0.883992	313.35	0.132664
57523969	0.222465	2.09176	2.86203	0.455734	176.954	0.135612
57679597	0.316132	2.15122	2.35243	1.19503	102.384	0.120711
57681262	0.356765	3.44	2.6613	1.21403	169.925	0.12925
57750711	0.550967	4.89623	2.20697	1.45727	301.56	0.130254
58035641	0.602698	6.74537	2.30801	4.3242	106.072	0.12139
58104368	0.304357	3.71872	3.06266	1.42773	139.684	0.128964
58170986	0.36188	3.53101	2.66585	3.82988	91.9298	0.125428
58171199	0.285059	2.28769	2.57254	0.448925	141.429	0.13326
58203134	0.481347	3.021	2.03359	0.4729	316.515	0.132664
58394922	0.445329	4.10894	2.44911	2.45132	242.023	0.141764
58533183	0.249177	2.16243	2.71959	1.91545	137.294	0.119381
58894325	0.333456	4.28847	3.0745	1.47887	208.393	0.109234
58927579	0.353946	2.21698	2.21968	0.707805	139.806	0.137425
59016542	0.381371	4.16243	2.76266	1.14408	147.349	0.136437
59327792	0.382787	3.43749	2.53436	0.712275	109.829	0.123355
59327872	0.450937	3.88035	2.3675	0.974066	113.542	0.132764
59339689	0.545001	4.48675	2.15084	1.44802	128.044	0.115533
59347658	0.351765	3.68675	2.77025	0.674582	146.039	0.144312
59769194	0.412948	3.36224	2.37911	1.17715	116.117	0.12897
59803026	0.384307	2.89209	2.34813	0.689351	220.675	0.131448
59809340	0.56055	7.01399	2.52567	2.46087	276.68	0.135252
59818253	0.339846	3.50361	2.77238	1.28388	167.314	0.129701
59832633	0.47872	3.04065	2.04727	0.790758	123.327	0.136166
59858828	0.329695	4.1008	3.03607	2.06465	243.124	0.114357
59874203	0.265575	2.07436	2.57231	1.32109	187.295	0.143405
60582807	0.454779	5.79527	2.79787	1.66693	249.912	0.138192
60804499	0.412988	3.03812	2.28005	1.79874	283.506	0.120842
61042333	0.426415	4.0994	2.52875	1.17885	116.863	0.121758
61243978	0.478277	3.27818	2.111	0.961139	102.969	0.130875
61266085	0.610381	5.41788	2.08295	1.52521	109.573	0.142896
61357641	0.592315	5.11958	2.09859	1.68768	132.951	0.122286
61388602	0.474796	4.07292	2.32071	0.684832	94.251	0.123883
61416688	0.491573	5.28507	2.51925	0.656405	246.833	0.141116
61422342	0.605045	5.04283	2.04258	2.03017	85.4948	0.150867
61497768	0.345192	2.34594	2.30878	0.371109	98.3734	0.127974
61696864	0.288881	2.25143	2.53427	0.61765	216.296	0.109313
61778728	0.358643	3.2696	2.59371	0.716132	247.15	0.154785
61847001	0.417327	3.44673	2.38593	1.19926	206.314	0.142496
62077981	0.323088	2.96405	2.66278	1.29454	241.752	0.126056
62161263	0.600628	4.7371	2.00752	2.10552	60.0265	0.119826
62215523	0.406949	2.38636	2.08758	0.436763	90.6093	0.130912
62273144	0.374835	5.53945	3.18107	2.07384	226.8	0.120835
62879813	0.285101	3.18327	2.97699	0.624266	238.698	0.12546
62907193	0.433726	3.65121	2.37642	1.59456	86.0981	0.150886
62942528	0.45981	4.0147	2.36577	0.854381	111.768	0.126808
63427055	0.233348	2.80975	3.17987	1.28523	136.643	0.136453
63473127	0.343105	3.75044	2.83915	0.499089	191.471	0.123322
63522888	0.444295	4.00021	2.42562	1.37046	238.844	0.120402
63571105	0.415459	4.33136	2.64092	0.762243	110.706	0.144355
63593657	0.351683	2.2067	2.22448	0.556798	120.364	0.120245
63618807	0.564919	5.9419	2.33593	0.739902	338.666	0.144223
63636071	0.29392	2.60252	2.67064	0.966055	203.261	0.115638
63752796	0.398777	3.55035	2.49661	0.653886	117.501	0.140378
63868289	0.312139	2.2349	2.40944	2.73006	87.563	0.122423
63878359	0.227482	2.48662	3.05365	0.938134	160.575	0.143331
63940995	0.479408	3.33173	2.12091	0.364212	39.4699	0.140311
63953080	0.433193	2.79661	2.13062	0.520095	277.461	0.148594
63979041	0.316008	3.16554	2.78066	1.03733	141.164	0.115556
64020018	0.421535	2.4199	2.04967	0.647174	103.618	0.14398
64195253	0.314697	2.32472	2.43778	0.363759	94.373	0.138717
64205633	0.304778	2.13578	2.39838	0.715765	190.084	0.124148
64222828	0.508963	4.78179	2.34386	0.455712	8.45969	0.128178
64383248	0.51625	4.34204	2.22464	0.696964	263.247	0.145109
64565576	0.420481	3.31386	2.33401	0.95754	257.198	0.112259
64710591	0.22363	2.45965	3.06911	0.35845	200.139	0.146354
64944307	0.316957	2.26952	2.40232	0.541075	134.632	0.133441
65079048	0.447894	2.56709	2.01115	0.506629	101.438	0.1281
65093532	0.251593	2.10416	2.67199	1.32279	245.406	0.131399
65165118	0.505111	3.86763	2.16095	1.51191	82.5239	0.13475
65209904	0.269181	2.40946	2.72432	0.755037	170.684	0.132323
65411605	0.304562	3.26445	2.88694	2.56254	100.416	0.117708
65561836	0.175	2.41288	3.50076	2.90641	254.011	0.114939
65616820	0.534249	4.7393	2.23875	1.55956	292.421	0.126478
65665344	0.513284	5.8376	2.53294	1.18979	241.338	0.123977
65919430	0.292947	2.6025	2.67613	1.42634	249.532	0.126711
65956249	0.426076	4.61376	2.66366	0.634957	136.414	0.133937
66083266	0.51347	4.73956	2.31759	1.25953	262.943	0.140436
66276493	0.510859	4.36133	2.24861	1.33309	68.4262	0.119648
66339512	0.440585	3.62596	2.34185	0.469921	70.8909	0.132589
66414628	0.311414	2.42095	2.49668	0.76285	101.73	0.143647
66494922	0.363009	2.23951	2.1932	1.55689	251.005	0.111122
66871790	0.310321	2.18743	2.39621	1.00246	204.49	0.114279
67011813	0.552688	5.43869	2.29828	1.56726	86.0962	0.138832
67242619	0.607364	5.50509	2.10693	0.741915	277.093	0.142429
67295297	0.638908	7.09383	2.21123	1.55006	37.1036	0.133567
67384180	0.339029	3.55842	2.79604	1.12839	241.561	0.122124
67401467	0.551682	6.43814	2.47229	0.835702	101.398	0.117936
67568895	0.473408	3.13708	2.09042	0.598942	71.3909	0.127935
67763277	0.455079	3.95165	2.36899	1.29073	219.886	0.127212
67810329	0.168937	2.12219	3.36454	2.17376	138.915	0.149943
67853964	0.222938	2.33859	3.00526	0.855833	154.277	0.120335
68129906	0.24791	2.1522	2.72205	0.533204	134.561	0.137027
68364524	0.442707	5.04261	2.68851	0.391575	356.118	0.126089
68371117	0.517222	4.26143	2.20408	0.742114	303.213	0.131159
68432302	0.498995	3.24902	2.0353	1.0395	91.1808	0.130303
68614849	0.398776	3.94163	2.61209	1.22739	254.672	0.129749
68834402	0.403194	3.96203	2.59709	2.34708	291.997	0.123483
68900985	0.413488	4.14663	2.60041	0.396278	306.436	0.140571
69082234	0.435366	4.77802	2.66027	1.56611	273.877	0.151423
69121491	0.310045	4.35389	3.25103	0.47748	135.487	0.147853
69163476	0.414077	4.17494	2.60536	2.76839	137.576	0.132443
69319837	0.336613	2.04468	2.21584	0.365494	108.298	0.142313
69327510	0.416726	4.91938	2.78671	0.686602	248.851	0.114966
69371176	0.527536	4.32053	2.17941	1.90791	69.0981	0.111344
69528168	0.381762	4.6015	2.88655	0.736657	103.592	0.139774
69539881	0.360002	2.87752	2.44865	0.358592	107.885	0.121264
69544219	0.645788	6.14265	2.06144	1.40869	15.8157	0.120788
69598086	0.555012	5.32228	2.26882	0.875821	282.453	0.127203
69686414	0.22637	2.93401	3.30264	3.02325	217.383	0.11003
69703304	0.39523	3.28148	2.42932	0.794075	141.192	0.131924
69704547	0.426796	3.91857	2.47853	1.04649	130.818	0.127557
69741910	0.406489	3.20807	2.3589	1.82872	255.078	0.134399
69754281	0.590445	5.08843	2.09997	0.93466	39.8454	0.133077
69788078	0.277782	3.13985	3.00729	0.87665	190.985	0.133342
70007179	0.434708	3.62356	2.36482	1.76949	267.948	0.133862
70016502	0.266462	2.35806	2.7151	2.20002	159.316	0.127836
70022671	0.300118	2.67664	2.66877	1.16308	230.847	0.110555
70134844	0.427138	2.36418	2.01273	0.803783	255.756	0.133478
70305784	0.55015	4.57328	2.14938	2.32915	262.606	0.131537
70327785	0.598696	4.90065	2.04089	0.963601	341.231	0.162593
70359296	0.303676	2.6971	2.65796	0.925022	154.999	0.141959
70401228	0.349365	2.81333	2.4738	1.07411	234.483	0.119563
70477411	0.29197	2.5337	2.65039	0.657463	188.683	0.13314
70555279	0.36373	2.21428	2.18031	0.931993	128.367	0.113167
70583983	0.258112	2.52751	2.85397	2.23109	250.114	0.120666
70584635	0.37154	2.03847	2.08048	1.41044	91.1618	0.125148
70676978	0.462511	4.69062	2.51622	1.08484	112.263	0.134623
70696256	0.333241	3.51935	2.81459	2.17954	166.483	0.136983
70756419	0.555107	7.02996	2.55235	1.96421	217.658	0.120393
70885558	0.500713	3.29143	2.0402	0.416707	50.6249	0.127206
71086503	0.445521	5.90792	2.86934	1.3538	137.075	0.138261
71176035	0.38254	2.51457	2.22241	0.496528	266.457	0.128955
71413052	0.381605	2.10824	2.07286	0.439792	261.454	0.127335
71454414	0.337578	2.48752	2.40032	1.06459	174.055	0.145452
71492645	0.327039	3.42975	2.81742	0.74438	206.68	0.14058
71821175	0.438154	3.24956	2.24661	1.01322	116.62	0.133972
72045925	0.392402	3.98683	2.65586	2.28087	203.475	0.144185
72229523	0.409198	5.57232	2.98759	1.55152	285.093	0.13521
72238051	0.319893	2.12961	2.32551	0.721688	176.579	0.145868
72592476	0.291538	2.00865	2.40032	0.440638	243.781	0.144038
72753213	0.498656	3.17267	2.01745	0.767907	97.2196	0.123238
72794412	0.280697	2.08674	2.49554	0.540955	232.067	0.133022
73053907	0.48718	3.41653	2.11582	1.7623	108.145	0.123235
73069042	0.279346	2.99569	2.93404	3.96516	71.6603	0.163318
73104193	0.519496	3.85005	2.10746	1.08893	286.906	0.123881
73388640	0.289601	2.63175	2.70852	1.21585	180.944	0.121292
73433526	0.332982	2.47431	2.41595	0.951484	247.929	0.130727
73656993	0.329109	3.12528	2.69281	0.748104	132.515	0.132628
73835868	0.435297	3.30541	2.27341	0.734301	129.342	0.145007
74008887	0.48391	3.2194	2.07697	1.38186	275.869	0.131288
74016266	0.412617	3.7723	2.50008	0.672653	125.095	0.111536
74024310	0.629024	5.84495	2.08026	0.955624	54.0123	0.132019
74209223	0.380302	3.95634	2.70687	0.450728	88.1448	0.138429
74376774	0.491396	6.77422	2.80923	1.34108	173.571	0.129559
74671975	0.366563	3.01496	2.46786	1.52642	224.109	0.141672
74679431	0.470894	4.02274	2.32387	1.04918	277.842	0.11013
74912099	0.408998	3.41374	2.41105	1.55036	161.952	0.120214
74965875	0.45817	3.64222	2.27763	0.54676	288.106	0.128809
75021746	0.314734	2.31879	2.43495	1.37214	141.508	0.126062
75258691	0.38313	3.17038	2.44641	1.11905	257.705	0.12994
75295822	0.349622	3.71291	2.79055	1.08496	100.075	0.117553
75521394	0.420156	3.92155	2.50845	1.56875	135.26	0.119822
75711071	0.439672	2.73953	2.09085	1.2622	103.363	0.117014
75771380	0.446742	3.73344	2.34604	0.683104	247.465	0.132469
75961172	0.514727	4.31828	2.2252	0.698929	237.893	0.120086
76192974	0.329516	2.60538	2.48629	0.48567	254.117	0.140591
76314506	0.42066	2.41501	2.05094	1.25854	98.0812	0.12868
76485095	0.335237	3.28706	2.72001	0.623922	197.427	0.135558
76633005	0.256974	2.34412	2.76735	0.342447	125.663	0.104977
76747223	0.486458	3.86504	2.22723	1.11797	234.03	0.139073
76786634	0.355537	3.99556	2.85006	0.419253	239.336	0.123578
76815298	0.356174	2.57183	2.35143	0.728848	142.113	0.139252
77078424	0.344155	2.01141	2.17104	0.755768	103.95	0.112525
77114140	0.348966	4.22671	2.9607	0.546427	139.835	0.147318
77115554	0.333706	2.22862	2.3087	1.05971	117.311	0.113278
77199756	0.287234	2.15795	2.49705	0.47148	199.927	0.152225
77211189	0.255889	2.80077	3.00413	0.700752	142.509	0.116355
77226508	0.414822	2.50979	2.10258	0.473596	94.1933	0.117827
77427008	0.440954	2.62135	2.0503	0.874836	119.784	0.115549
77511595	0.296505	2.21182	2.47551	0.568603	103.826	0.144159
77577969	0.351644	2.20679	2.22467	0.879834	116.415	0.145008
77714405	0.538849	4.34362	2.14421	2.22093	275.445	0.132562
78110133	0.413748	4.65703	2.73478	3.34864	287.891	0.11821
78197615	0.614236	6.88585	2.28143	1.60001	41.9942	0.133643
78254793	0.425069	3.08181	2.24692	2.09331	105.31	0.139068
78424683	0.442662	4.42792	2.54074	0.775348	106.906	0.128993
78463845	0.337247	4.54572	3.13265	2.65332	283.728	0.143575
78632163	0.316451	2.69978	2.59075	0.67992	211.395	0.134753
78717715	0.531771	3.99796	2.09775	1.28474	122.871	0.131166
78782076	0.363779	2.41578	2.2595	0.608541	103.596	0.137851
78815162	0.28852	2.27595	2.54809	1.99407	246.32	0.112194
79070793	0.197545	2.17883	3.11946	0.934504	172.384	0.144625
79206520	0.40342	5.35916	2.9674	0.672424	243.86	0.105592
79265496	0.557622	4.25405	2.06281	1.48675	123.111	0.141694
79291796	0.497421	3.6025	2.12607	1.00027	283.845	0.123078
79361876	0.401876	3.85087	2.57132	3.17994	92.5513	0.136108
79412380	0.345971	3.03444	2.57229	1.00218	103.388	0.13603
79480487	0.553355	5.22925	2.25858	2.42087	281.976	0.136707
79853179	0.548408	6.16568	2.4408	3.32543	119.29	0.13988
80036080	0.334225	2.22245	2.30379	0.782099	264.662	0.12894
80225350	0.545946	4.54099	2.15801	1.55311	125.51	0.126494
80285662	0.454295	3.82323	2.33941	1.62823	281.03	0.127508
80508971	0.518738	4.07211	2.1583	1.823	226.09	0.125408
81428851	0.345969	2.02297	2.16901	1.06312	250.957	0.127628
81488204	0.396356	2.99233	2.33187	1.10199	102.129	0.138403
81526614	0.335796	3.09176	2.64496	0.495318	199.457	0.124671
81539734	0.606751	4.93712	2.01995	1.21298	55.3412	0.122286
81648702	0.566676	4.94074	2.15833	1.15082	254.109	0.135553
81653586	0.345845	2.03558	2.17499	0.524209	230.778	0.129648
81795882	0.289647	4.22988	3.3547	2.76501	105.909	0.12887
81866349	0.345291	3.74894	2.82643	1.40688	143.637	0.118229
82186387	0.537357	4.24971	2.13053	2.99932	306.323	0.144702
82396173	0.503513	3.72226	2.13322	1.94421	243.817	0.127357
82661506	0.613655	5.48137	2.08118	1.06484	9.86688	0.122506
82768603	0.43841	3.09652	2.20157	1.02764	84.1791	0.127407
83001208	0.276907	2.04307	2.49308	0.610145	223.633	0.121786
83569234	0.357054	2.09649	2.15766	0.757234	106	0.124735
83607634	0.46712	3.66434	2.24956	3.79596	56.529	0.152638
83750950	0.488704	7.01193	2.86643	1.15556	89.7637	0.130198
83766010	0.304662	2.28748	2.47004	2.74666	82.3029	0.114739
83898918	0.453189	4.20491	2.44006	0.920823	232.05	0.114383
83952871	0.249553	2.32266	2.80445	0.48047	209.687	0.133489
83993050	0.477418	6.09922	2.74892	1.64186	215.452	0.14442
84344661	0.212101	3.12011	3.53139	1.94337	145.616	0.131093
84492809	0.479596	5.07762	2.52785	0.525008	62.6269	0.145924
84777095	0.456481	5.15623	2.64947	1.68792	276.879	0.125202
84801334	0.500794	4.21364	2.25402	1.17451	105.932	0.141125
84943110	0.391706	4.33135	2.75801	1.03409	101.245	0.143124
85059889	0.456329	3.24257	2.17797	0.814953	259.175	0.149654
85241828	0.272163	2.61117	2.80415	1.73605	253.344	0.132754
85261564	0.371943	2.20414	2.14528	1.57504	269.794	0.109258
85271652	0.398834	5.55095	3.04094	1.59909	273.178	0.130528
85342057	0.449029	4.72422	2.58401	1.29438	132.369	0.121586
85360538	0.445912	6.22501	2.93522	0.845711	96.6906	0.108094
85376213	0.479621	3.84013	2.24651	0.77447	72.247	0.137639
85566085	0.328894	3.49497	2.83051	0.551471	217.836	0.128231
85825384	0.427213	3.19611	2.27278	0.856172	220.532	0.118441
85830030	0.385258	3.18598	2.44215	1.81519	251.69	0.14454
86126780	0.579444	5.63691	2.2297	1.44328	265.022	0.128678
86187290	0.313244	2.75111	2.62904	0.809573	121.438	0.12514
86539104	0.349788	2.39756	2.31021	0.552657	104.677	0.133206
86556284	0.53236	4.88425	2.27394	0.945426	120.55	0.134267
86701767	0.330971	2.97342	2.62504	0.777494	134.986	0.117739
86706544	0.429568	4.03675	2.49816	0.962992	119.573	0.124263
86799223	0.584599	6.1508	2.29149	1.1283	120.306	0.115518
86944629	0.436845	2.79454	2.11728	0.685627	283.047	0.10992
86980332	0.476328	3.91041	2.27583	1.68892	243.896	0.128885
86983201	0.746435	9.73766	2.04652	3.08529	282.366	0.119186
87144924	0.378334	3.30924	2.51356	1.58289	133.401	0.127868
87224076	0.493239	6.66505	2.77994	1.08349	258.419	0.111629
87435355	0.312525	2.55824	2.55104	1.6132	98.4412	0.138363
87543643	0.31496	2.08275	2.32601	1.23071	262.767	0.122896
87564815	0.519386	4.80793	2.30854	1.27417	248.204	0.133192
87578493	0.438075	3.06217	2.19277	0.536163	274.539	0.145407
87879958	0.51266	4.80857	2.33482	3.8242	93.7061	0.124932
87908928	0.278224	2.10565	2.5185	1.20434	243.983	0.127221
87913533	0.400501	3.84076	2.57477	0.908988	110.213	0.133933
88005024	0.445204	4.22555	2.47912	1.54454	247.419	0.124685
88028373	0.636754	6.18658	2.0999	0.865875	63.6562	0.154922
88061292	0.439692	4.33474	2.53064	3.45007	280.247	0.119128
88081321	0.454657	3.30403	2.20077	3.1003	299.04	0.13683
88199173	0.241782	2.34519	2.86962	0.945387	141.56	0.147584
88244739	0.313393	2.50456	2.5234	2.31693	115.171	0.142783
88295541	0.587852	7.64684	2.49831	1.91684	88.4478	0.124419
88555732	0.517186	7.13898	2.74679	2.08447	121.13	0.112031
88620638	0.389489	3.5766	2.54687	1.11774	251.107	0.114836
88791751	0.435546	2.91935	2.15956	0.812378	253.797	0.144412
88820205	0.251493	2.85849	3.06398	0.341268	141.993	0.145552
88892908	0.321237	3.28521	2.79676	1.12777	207.22	0.126094
88913809	0.475119	3.32398	2.13365	1.37103	115.442	0.127547
88935090	0.468821	3.13107	2.10425	0.965786	231.951	0.12943
88983046	0.322425	2.87128	2.62951	1.23525	110.417	0.126842
89058416	0.451983	3.86361	2.359	0.404432	325.546	0.132231
89250454	0.31955	3.99492	3.06384	1.00104	163.491	0.148259
89329063	0.43896	3.08445	2.19604	0.797396	262.2	0.162145
89414453	0.420871	3.4531	2.37316	0.713625	107.834	0.109843
89417937	0.624977	5.25063	2.00774	1.02779	280.398	0.120349
89466637	0.44936	3.50915	2.27605	0.441974	268.859	0.132893
89605734	0.441969	4.72191	2.61576	0.387052	335.776	0.118381
89624981	0.453416	3.08907	2.14573	0.410345	278.842	0.128536
89786528	0.415754	2.74486	2.1766	1.09902	237.368	0.144896
89902584	0.412549	3.75949	2.49673	0.793188	121.502	0.117172
90020707	0.388939	2.80533	2.29952	1.54389	106.678	0.136073
90072892	0.486827	3.76033	2.20095	1.1421	102.166	0.130254
90200488	0.549201	4.25976	2.09209	0.617098	29.4604	0.133184
90241396	0.611076	5.48645	2.09099	1.37678	39.6701	0.118867
90622028	0.267331	2.39347	2.72765	1.59281	161.938	0.13898
90770647	0.300349	2.7302	2.69077	2.7273	232.907	0.112268
90998642	0.280227	2.28077	2.59587	0.468591	160.011	0.138348
91213264	0.525206	3.73007	2.06213	0.618717	99.1723	0.126599
91213319	0.405362	2.49792	2.13181	1.16692	267.125	0.120919
91260208	0.498794	3.16402	2.01486	0.920765	279.596	0.138382
91290846	0.294977	2.78856	2.74686	1.37345	166.163	0.141681
91526638	0.428959	5.34784	2.82834	2.50993	266.125	0.137292
91674788	0.224646	2.35722	3.00269	2.49777	126.013	0.114974
91682658	0.339809	2.58203	2.42833	1.75531	241.409	0.135991
91783259	0.553149	5.53498	2.31337	1.16125	230.955	0.154199
91962364	0.269011	2.1187	2.57634	0.644579	219.66	0.133884
92027795	0.417411	2.94749	2.23477	1.60839	270.065	0.146475
92060790	0.448428	3.61284	2.30742	1.24121	113.522	0.111123
92078539	0.422475	2.39038	2.03666	0.465607	268.401	0.134445
92285138	0.45161	4.29219	2.46827	1.4162	245.746	0.128824
92351045	0.334714	3.61522	2.84008	0.839196	111.111	0.140801
92351214	0.42467	2.40318	2.03374	1.03786	101.271	0.142325
92576554	0.382716	2.78674	2.31842	1.69993	132.133	0.135937
92714392	0.498673	4.6505	2.35703	5.10891	53.2412	0.145888
92764211	0.452943	2.78851	2.06113	1.95109	292.932	0.11291
93078490	0.458409	2.8279	2.0546	0.446713	49.2987	0.128753
93246886	0.31883	2.6495	2.55752	2.55529	114.177	0.134136
93413142	0.341736	3.51536	2.76618	0.628048	216.782	0.132313
93802726	0.32145	2.13629	2.3216	1.48895	253.041	0.117588
93892807	0.306241	2.80449	2.68954	1.60308	111.299	0.143081
93974237	0.440339	3.24481	2.23705	0.408941	284.77	0.10826
94040943	0.526105	6.46441	2.58906	3.34382	253.414	0.12309
94461936	0.548837	4.0197	2.04565	1.12777	261.202	0.117547
94587994	0.50221	3.81234	2.1585	2.29	83.5574	0.128282
94986969	0.325131	4.51274	3.20115	1.26232	136.353	0.150712
95010597	0.411842	2.29095	2.03767	0.561275	96.8609	0.132911
95029863	0.455511	3.91185	2.35718	0.927589	89.4276	0.159861
95140971	0.204854	2.04219	2.96768	2.85258	113.277	0.111758
95259560	0.329965	2.1973	2.31133	0.88873	115.198	0.121962
95396170	0.253143	2.43068	2.83755	0.463561	188.758	0.15559
95610321	0.349881	3.84222	2.83189	1.05719	258.102	0.162952
95749327	0.38926	4.45137	2.80436	0.460356	69.306	0.116174
95875272	0.340901	3.71008	2.83785	1.24823	134.148	0.140126
95893558	0.471044	3.01028	2.06415	0.739929	89.5889	0.150724
96092143	0.292059	2.5801	2.67103	1.27364	106.993	0.131198
96287685	0.490578	4.24964	2.3007	3.00501	242.69	0.123534
96303267	0.319719	4.50645	3.23557	2.78852	109.93	0.134343
96381420	0.290066	2.64632	2.71241	1.68984	197.742	0.130498
96832813	0.270461	2.12944	2.57376	1.91619	245.614	0.148832
96926779	0.259852	2.36407	2.75935	0.780894	126.2	0.1304
97209637	0.233766	2.04991	2.75672	1.40128	113.073	0.142995
97321600	0.521522	4.32103	2.20107	0.745981	84.0473	0.123367
97345467	0.289041	2.08832	2.45296	2.10922	92.1668	0.141473
97524926	0.425408	2.70149	2.12819	1.16797	100.236	0.115486
97550767	0.444884	3.06838	2.17002	0.582201	105.89	0.109506
97938795	0.388053	3.72188	2.598	0.346844	279.834	0.130871
97976776	0.342922	2.70189	2.46119	0.707781	120.166	0.133627
98052119	0.346812	3.41014	2.70241	0.366531	262.495	0.134806
98154295	0.39465	4.77836	2.86528	0.864937	207.466	0.129099
98472060	0.317316	4.18124	3.14261	2.83601	259.936	0.133936
98478287	0.496588	6.15445	2.66821	0.981916	135.296	0.142224
98545049	0.342918	4.63406	3.12408	2.69378	107.572	0.120916
98612670	0.3344	2.46391	2.40511	0.731224	237.609	0.115022
98625433	0.370677	2.0482	2.08751	0.50478	115.426	0.112314
98647032	0.238433	2.29472	2.86528	1.31352	164.31	0.119305
98656694	0.554591	3.89337	2.0018	1.68189	260.285	0.12743
98788173	0.302381	2.2961	2.48548	1.53302	217.233	0.132645
99007290	0.343344	3.94471	2.90253	1.60771	254.869	0.126432
99140411	0.359042	2.8895	2.45736	0.479635	119.927	0.138149
99378007	0.398314	2.28999	2.08316	0.928907	92.9838	0.147977
99624533	0.291727	2.50311	2.63771	1.24968	251.054	0.141587
99652458	0.406882	4.05936	2.60724	1.28423	262.373	0.12387
99961943	0.316366	2.05959	2.30888	0.900114	234.938	0.122529
100109288	0.325117	2.99383	2.66364	1.67313	236.596	0.137197