(0.3254528784632574, 0.06728010877535065, 0.023886445030265765)
(0.6259642111849655, 0.07209623719964603, 0.022459823719950714)
(1.3349757837520226, 0.021980629539109463, 0.023949009703323018)
(0.48361210614842703, 0.06547143929471645, 0.019707202956822913)
(0.8318412771881136, 0.04544484963698126, 0.019812470732464036)
(1.471726750181135, 0.033680990776014774, 0.018639733536876882)
(0.3313021629266934, 0.02024813396804517, 0.01453646518936183)
(0.6187251886453642, 0.051289984370196204, 0.01226486549942664)
(1.2707469303598986, 0.0387940672396252, 0.017428447500557942)
(0.47279193708400075, 0.025588036734301184, 0.01373237351958532)
(0.75557908363137, 0.042937475039582014, 0.013848551210868204)
(1.320060501661804, 0.04870824847966984, 0.013482215146524364)
(0.3571014629410497, 0.09154863019659377, 0.04064862641524031)
(0.6538607234495296, 0.03391449177600421, 0.03225536771170702)
(1.3595642235753918, 0.053996135014990655, 0.03021140178971515)
(0.4883843693082087, 0.08111962722188518, 0.03913950977600219)
(0.8062314056084978, 0.06824102844251334, 0.03407765758848843)
(1.4477002057673325, 0.08456385186875578, 0.029324469097666745)
(0.48995363618268567, 0.019576363233975727, 0.01672825358523461)
(0.7827421259380712, 0.035603765297111435, 0.015558649539523413)
(1.3602548470089202, 0.07039784436197101, 0.015208803428505644)
(0.5553958483089604, 0.030134430725592763, 0.018249419573473973)
(0.8754619628242524, 0.04274478849878548, 0.015638482963037218)
(1.4462780111645968, 0.029879269935743052, 0.014737076169523527)
(0.6327191026586708, 0.06618250305823545, 0.02746311035640193)
(1.0359584358521552, 0.09226511870404304, 0.026142156482198618)
(1.5972237922036152, 0.057394992875371066, 0.024471746238242366)
(0.7345182098182204, 0.07648807683425707, 0.0333507221660918)
(1.1442972718132067, 0.10348077225609957, 0.03173105488423722)
(1.6490135397880519, 0.0168669720090189, 0.029105191206965603)
